I
1000 Generated by WorldEditor

1    328 0 0 GMMT Casablanca Tit-Mellil
100 15.00 1 0 0.25 0 2 0 18  33.59878428 -007.46496110    0    0 1 0 0 0 36  33.58866664 -007.46373991    0    0 1 9 0 0
110 1 0.00 -6.2000 Apron
111  33.59692822 -007.46608835
111  33.59695391 -007.46580856
112  33.59711334 -007.46589323  33.59721384 -007.46587931
111  33.59711334 -007.46589323
111  33.59707025 -007.46688907
111  33.59227908 -007.46636006
113  33.59235336 -007.46550772
110 1 0.00 -3.5000 Taxiway N Pavement
111  33.59685244 -007.46607719
111  33.59695262 -007.46489337
112  33.59695262 -007.46489337  33.59694934 -007.46485682
111  33.59689665 -007.46481183
111  33.59709437 -007.46483592
112  33.59703254 -007.46491887  33.59702692 -007.46497145
111  33.59703254 -007.46491887
113  33.59692819 -007.46608848
110 1 0.00 0.0000 Taxiway S Pavement
111  33.59168098 -007.46418478
112  33.59168098 -007.46418478  33.59165227 -007.46420566
111  33.59164907 -007.46423878
111  33.59159351 -007.46493743
112  33.59159351 -007.46493743  33.59159136 -007.46497213
111  33.59161424 -007.46503639
111  33.59235336 -007.46550772
111  33.59233212 -007.46575152
112  33.59228550 -007.46558608  33.59225186 -007.46550895
111  33.59228550 -007.46558608
111  33.59158696 -007.46511184
112  33.59158696 -007.46511184  33.59153573 -007.46507341
111  33.59152146 -007.46494897
111  33.59157744 -007.46428619
112  33.59152353 -007.46416583  33.59147784 -007.46411919
113  33.59152353 -007.46416583
110 1 0.00 -7.5000 RWY 36 Backtrack
111  33.58865987 -007.46382049
111  33.58887157 -007.46384619
111  33.58880453 -007.46386487
112  33.58880453 -007.46386487  33.58869996 -007.46389821
113  33.58865634 -007.46387366
110 1 0.00 -6.5000 RWY 18 Backtrack
111  33.59877371 -007.46509739 20
111  33.59870846 -007.46509259
112  33.59870846 -007.46509259  33.59860980 -007.46506094 20
111  33.59861281 -007.46502213
113  33.59877754 -007.46504164 20
130 Airport Boundary 6
111  33.59518095 -007.46954882
111  33.59087661 -007.46617458
111  33.58784523 -007.46568473
111  33.58774030 -007.46261971
111  33.59109814 -007.46295560
111  33.59234567 -007.46162603
111  33.59250890 -007.45947072
111  33.59598333 -007.45948458
111  33.59976090 -007.46441128
111  33.59957435 -007.46883411
113  33.59807873 -007.46959580
120 Up Curve
112  33.59670872 -007.46626037  33.59671268 -007.46618212 1
115  33.59676656 -007.46617624
120 Main Line and Down Curve
111  33.59669101 -007.46655659 1
111  33.59670869 -007.46626048
112  33.59670869 -007.46626048  33.59671267 -007.46618206 1
115  33.59666268 -007.46616307
120 Up Curve
112  33.59654973 -007.46624097  33.59655370 -007.46616273 1
115  33.59660757 -007.46615685
120 Main Line and Down Curve
111  33.59653202 -007.46653719 1
111  33.59654970 -007.46624109
112  33.59654970 -007.46624109  33.59655368 -007.46616266 1
115  33.59650353 -007.46614408
120 Up Curve
112  33.59638953 -007.46622126  33.59639350 -007.46614302 1
115  33.59644737 -007.46613714
120 Main Line and Down Curve
111  33.59637182 -007.46651748 1
111  33.59638950 -007.46622138
112  33.59638950 -007.46622138  33.59639348 -007.46614295 1
115  33.59634349 -007.46612397
120 Up Curve
112  33.59622506 -007.46620186  33.59622902 -007.46612362 1
115  33.59628297 -007.46611715
120 Main Line and Down Curve
111  33.59620735 -007.46649808 1
111  33.59622503 -007.46620198
112  33.59622503 -007.46620198  33.59622901 -007.46612355 1
115  33.59617903 -007.46610444
120 Up Curve
112  33.59606197 -007.46618128  33.59606593 -007.46610303 1
115  33.59611981 -007.46609715
120 Main Line and Down Curve
111  33.59604426 -007.46647750 1
111  33.59606194 -007.46618139
112  33.59606194 -007.46618139  33.59606592 -007.46610297 1
115  33.59601588 -007.46608443
120 Up Curve
112  33.59590551 -007.46616194  33.59590947 -007.46608370 1
115  33.59596335 -007.46607782
120 Main Line and Down Curve
111  33.59588780 -007.46645816 1
111  33.59590548 -007.46616206
112  33.59590548 -007.46616206  33.59590946 -007.46608363 1
115  33.59585947 -007.46606465
120 Up Curve
112  33.59574329 -007.46614269  33.59574725 -007.46606444 1
115  33.59580128 -007.46605816
120 Main Line and Down Curve
111  33.59572558 -007.46643891 1
111  33.59574325 -007.46614280
112  33.59574325 -007.46614280  33.59574724 -007.46606438 1
115  33.59569725 -007.46604540
120 Up Curve
112  33.59558528 -007.46612294  33.59558924 -007.46604470 1
115  33.59564312 -007.46603882
120 Main Line and Down Curve
111  33.59556757 -007.46641916 1
111  33.59558524 -007.46612306
112  33.59558524 -007.46612306  33.59558923 -007.46604463 1
115  33.59553922 -007.46602607
120 Up Curve
112  33.59542333 -007.46610305  33.59542729 -007.46602480 1
115  33.59548117 -007.46601892
120 Main Line and Down Curve
111  33.59540562 -007.46639927 1
111  33.59542329 -007.46610316
112  33.59542329 -007.46610316  33.59542728 -007.46602474 1
115  33.59537718 -007.46600625
120 Up Curve
112  33.59525889 -007.46608295  33.59526285 -007.46600470 1
115  33.59531673 -007.46599882
120 Main Line and Down Curve
111  33.59524118 -007.46637917 1
111  33.59525885 -007.46608306
112  33.59525885 -007.46608306  33.59526284 -007.46600463 1
115  33.59521274 -007.46598611
120 Up Curve
112  33.59509725 -007.46606316  33.59510122 -007.46598492 1
115  33.59515509 -007.46597904
120 Main Line and Down Curve
111  33.59507954 -007.46635938 1
111  33.59509722 -007.46606328
112  33.59509722 -007.46606328  33.59510120 -007.46598485 1
115  33.59505106 -007.46596628
120 Up Curve
112  33.59493476 -007.46603715  33.59493873 -007.46595890 1
115  33.59499260 -007.46595302
120 Main Line and Down Curve
111  33.59491705 -007.46633337 1
111  33.59493473 -007.46603726
112  33.59493473 -007.46603726  33.59493871 -007.46595884 1
115  33.59488872 -007.46593985
120 Up Curve
112  33.59477441 -007.46602079  33.59477620 -007.46594367 1
115  33.59482089 -007.46593810
120 Main Line and Down Curve
111  33.59474848 -007.46632374 1
111  33.59477440 -007.46602076
112  33.59477440 -007.46602076  33.59477839 -007.46594234 1
115  33.59474086 -007.46592835
120 Up Curve
112  33.59461520 -007.46600219  33.59461698 -007.46592506 1
115  33.59466169 -007.46591848
120 Main Line and Down Curve
111  33.59458926 -007.46630514 1
111  33.59461519 -007.46600216
112  33.59461519 -007.46600216  33.59461917 -007.46592373 1
115  33.59458179 -007.46590888
120 Up Curve
112  33.59445604 -007.46598197  33.59445782 -007.46590484 1
115  33.59450247 -007.46589908
120 Main Line and Down Curve
111  33.59443011 -007.46628492 1
111  33.59445603 -007.46598194
112  33.59445603 -007.46598194  33.59446001 -007.46590351 1
115  33.59442252 -007.46588938
120 Up Curve
112  33.59429337 -007.46596246  33.59429516 -007.46588534 1
115  33.59433987 -007.46587946
120 Main Line and Down Curve
111  33.59426744 -007.46626542 1
111  33.59429336 -007.46596244
112  33.59429336 -007.46596244  33.59429735 -007.46588401 1
115  33.59425993 -007.46586942
120 Up Curve
112  33.59412938 -007.46594235  33.59413116 -007.46586522 1
115  33.59417594 -007.46585915
120 Main Line and Down Curve
111  33.59410344 -007.46624530 1
111  33.59412936 -007.46594232
112  33.59412936 -007.46594232  33.59413335 -007.46586390 1
115  33.59409589 -007.46584942
120 Up Curve
112  33.59396865 -007.46592231  33.59397044 -007.46584519 1
115  33.59401510 -007.46583943
120 Main Line and Down Curve
111  33.59394272 -007.46622526 1
111  33.59396864 -007.46592228
112  33.59396864 -007.46592228  33.59397263 -007.46584386 1
115  33.59393508 -007.46582966
120 Up Curve
112  33.59380857 -007.46590261  33.59381036 -007.46582549 1
115  33.59385502 -007.46581974
120 Main Line and Down Curve
111  33.59378264 -007.46620557 1
111  33.59380856 -007.46590259
112  33.59380856 -007.46590259  33.59381255 -007.46582416 1
115  33.59377502 -007.46581018
120 Up Curve
112  33.59364571 -007.46588266  33.59364749 -007.46580554 1
115  33.59369221 -007.46579983
120 Main Line and Down Curve
111  33.59361977 -007.46618561 1
111  33.59364570 -007.46588263
112  33.59364570 -007.46588263  33.59364968 -007.46580421 1
115  33.59361216 -007.46579022
120 Up Curve
112  33.59348308 -007.46586290  33.59348487 -007.46578578 1
115  33.59352958 -007.46577990
120 Main Line and Down Curve
111  33.59345715 -007.46616586 1
111  33.59348307 -007.46586288
112  33.59348307 -007.46586288  33.59348706 -007.46578445 1
115  33.59344966 -007.46577020
120 Up Curve
112  33.59332141 -007.46584320  33.59332319 -007.46576608 1
115  33.59336791 -007.46576020
120 Main Line and Down Curve
111  33.59329548 -007.46614615 1
111  33.59332140 -007.46584317
112  33.59332140 -007.46584317  33.59332538 -007.46576475 1
115  33.59328754 -007.46575039
120 Up Curve
112  33.59315855 -007.46582312  33.59316033 -007.46574600 1
115  33.59320505 -007.46574012
120 Main Line and Down Curve
111  33.59313262 -007.46612608 1
111  33.59315854 -007.46582310
112  33.59315854 -007.46582310  33.59316252 -007.46574467 1
115  33.59312500 -007.46573069
120 Taxiway N Holding Point
111  33.59701433 -007.46519073 4
115  33.59693290 -007.46517931
120 Taxiway N Up Curve
112  33.59700423 -007.46483709  33.59702857 -007.46475619 1
115  33.59710003 -007.46476806
120 Taxiway S Holding Point
111  33.59162632 -007.46452359 4
115  33.59155824 -007.46451502
120 Taxiway S Path
111  33.59232974 -007.46555454 1
111  33.59161276 -007.46507946
112  33.59161276 -007.46507946  33.59157686 -007.46504983 1
111  33.59155839 -007.46493437 1
111  33.59161768 -007.46416244
112  33.59161768 -007.46416244  33.59161588 -007.46409031 1
115  33.59152931 -007.46408550
120 Taxiway S Up Curve
112  33.59161757 -007.46416242  33.59162598 -007.46409037 1
115  33.59169097 -007.46410489
120 Taxiway N-S Link
112  33.59689391 -007.46605039  33.59688800 -007.46611093 1
112  33.59678387 -007.46617847  33.59670259 -007.46616971
111  33.59678387 -007.46617847 1
111  33.59265170 -007.46567252
112  33.59265170 -007.46567252  33.59244750 -007.46566133 1
111  33.59233006 -007.46555508 1
111  33.59300299 -007.46615846
112  33.59300299 -007.46615846  33.59306551 -007.46622607 1
111  33.59314920 -007.46623985 1
111  33.59675318 -007.46666414
112  33.59675318 -007.46666414  33.59684372 -007.46667664 1
111  33.59684593 -007.46657775 1
111  33.59700434 -007.46483751
112  33.59700434 -007.46483751  33.59697966 -007.46474801 1
115  33.59692052 -007.46473884
14  33.59723732 -007.46660641  82.02 0 Tower Viewpoint
1300  33.59653664 -007.46643844 263.00 gate turboprops Ramp Start 2
1300  33.59637644 -007.46641873 263.00 gate turboprops Ramp Start 3
1300  33.59541024 -007.46630052 263.00 gate turboprops Ramp Start 9
1300  33.59524580 -007.46628041 263.00 gate turboprops Ramp Start 10
1300  33.59508416 -007.46626063 263.00 gate turboprops Ramp Start 11
1300  33.59492167 -007.46623462 263.00 gate turboprops Ramp Start 12
1300  33.59475778 -007.46621565 264.00 gate turboprops Ramp Start 13
1300  33.59459856 -007.46619705 264.00 gate turboprops Ramp Start 14
1300  33.59443941 -007.46617682 264.00 gate turboprops Ramp Start 15
1300  33.59427674 -007.46615732 264.00 gate turboprops Ramp Start 16
1300  33.59411274 -007.46613721 264.00 gate turboprops Ramp Start 17
1300  33.59395202 -007.46611717 264.00 gate turboprops Ramp Start 18
1300  33.59379194 -007.46609747 264.00 gate turboprops Ramp Start 19
1300  33.59346645 -007.46605776 264.00 gate turboprops Ramp Start 21
19  33.59727626 -007.46634486 0 GMMT Windsock
99
